
Examples 10000

7

0 0 0 0 0 0 0 0 0 0 0 0 0 0 0 0 0 0 0 0 0 0 0 0 0 0 0 0

0 0 0 0 0 0 0 0 0 0 0 0 0 0 0 0 0 0 0 0 0 0 0 0 0 0 0 0

0 0 0 0 0 0 0 0 0 0 0 0 0 0 0 0 0 0 0 0 0 0 0 0 0 0 0 0

0 0 0 0 0 0 0 0 0 0 0 0 0 0 0 0 0 0 0 0 0 0 0 0 0 0 0 0

0 0 0 0 0 0 0 0 0 0 0 0 0 0 0 0 0 0 0 0 0 0 0 0 0 0 0 0

0 0 0 0 0 0 0 0 0 0 0 0 0 0 0 0 0 0 0 0 0 0 0 0 0 0 0 0

0 0 0 0 0 0 0 0 0 0 0 0 0 0 0 0 0 0 0 0 0 0 0 0 0 0 0 0

0 0 0 0 0 0 0.329 0.725 0.624 0.592 0.235 0.141 0 0 0 0 0 0 0 0 0 0 0 0 0 0 0 0

0 0 0 0 0 0 0.871 0.996 0.996 0.996 0.996 0.945 0.776 0.776 0.776 0.776 0.776 0.776 0.776 0.776 0.667 0.204 0 0 0 0 0 0

0 0 0 0 0 0 0.263 0.447 0.282 0.447 0.639 0.89 0.996 0.882 0.996 0.996 0.996 0.98 0.898 0.996 0.996 0.549 0 0 0 0 0 0

0 0 0 0 0 0 0 0 0 0 0 0.0667 0.259 0.0549 0.263 0.263 0.263 0.231 0.0824 0.925 0.996 0.416 0 0 0 0 0 0

0 0 0 0 0 0 0 0 0 0 0 0 0 0 0 0 0 0 0.325 0.992 0.82 0.0706 0 0 0 0 0 0

0 0 0 0 0 0 0 0 0 0 0 0 0 0 0 0 0 0.0863 0.914 1 0.325 0 0 0 0 0 0 0

0 0 0 0 0 0 0 0 0 0 0 0 0 0 0 0 0 0.506 0.996 0.933 0.173 0 0 0 0 0 0 0

0 0 0 0 0 0 0 0 0 0 0 0 0 0 0 0 0.231 0.976 0.996 0.243 0 0 0 0 0 0 0 0

0 0 0 0 0 0 0 0 0 0 0 0 0 0 0 0 0.522 0.996 0.733 0.0196 0 0 0 0 0 0 0 0

0 0 0 0 0 0 0 0 0 0 0 0 0 0 0 0.0353 0.804 0.973 0.227 0 0 0 0 0 0 0 0 0

0 0 0 0 0 0 0 0 0 0 0 0 0 0 0 0.494 0.996 0.714 0 0 0 0 0 0 0 0 0 0

0 0 0 0 0 0 0 0 0 0 0 0 0 0 0.294 0.984 0.941 0.224 0 0 0 0 0 0 0 0 0 0

0 0 0 0 0 0 0 0 0 0 0 0 0 0.0745 0.867 0.996 0.651 0 0 0 0 0 0 0 0 0 0 0

0 0 0 0 0 0 0 0 0 0 0 0 0.0118 0.796 0.996 0.859 0.137 0 0 0 0 0 0 0 0 0 0 0

0 0 0 0 0 0 0 0 0 0 0 0 0.149 0.996 0.996 0.302 0 0 0 0 0 0 0 0 0 0 0 0

0 0 0 0 0 0 0 0 0 0 0 0.122 0.878 0.996 0.451 0.00392 0 0 0 0 0 0 0 0 0 0 0 0

0 0 0 0 0 0 0 0 0 0 0 0.522 0.996 0.996 0.204 0 0 0 0 0 0 0 0 0 0 0 0 0

0 0 0 0 0 0 0 0 0 0 0.239 0.949 0.996 0.996 0.204 0 0 0 0 0 0 0 0 0 0 0 0 0

0 0 0 0 0 0 0 0 0 0 0.475 0.996 0.996 0.859 0.157 0 0 0 0 0 0 0 0 0 0 0 0 0

0 0 0 0 0 0 0 0 0 0 0.475 0.996 0.812 0.0706 0 0 0 0 0 0 0 0 0 0 0 0 0 0

0 0 0 0 0 0 0 0 0 0 0 0 0 0 0 0 0 0 0 0 0 0 0 0 0 0 0 0

2

0 0 0 0 0 0 0 0 0 0 0 0 0 0 0 0 0 0 0 0 0 0 0 0 0 0 0 0

0 0 0 0 0 0 0 0 0 0 0 0 0 0 0 0 0 0 0 0 0 0 0 0 0 0 0 0

0 0 0 0 0 0 0 0 0 0 0 0 0 0 0 0 0 0 0 0 0 0 0 0 0 0 0 0

0 0 0 0 0 0 0 0 0 0 0.455 0.49 0.671 1 1 0.588 0.365 0 0 0 0 0 0 0 0 0 0 0

0 0 0 0 0 0 0 0 0 0.663 0.992 0.992 0.992 0.992 0.992 0.992 0.855 0.118 0 0 0 0 0 0 0 0 0 0

0 0 0 0 0 0 0 0 0.663 0.992 0.992 0.992 0.835 0.557 0.69 0.992 0.992 0.478 0 0 0 0 0 0 0 0 0 0

0 0 0 0 0 0 0 0.204 0.98 0.992 0.824 0.125 0.0471 0 0.0235 0.808 0.992 0.549 0 0 0 0 0 0 0 0 0 0

0 0 0 0 0 0 0 0.302 0.984 0.824 0.098 0 0 0 0.478 0.973 0.992 0.255 0 0 0 0 0 0 0 0 0 0

0 0 0 0 0 0 0 0 0.122 0.0706 0 0 0 0 0.82 0.992 0.992 0.255 0 0 0 0 0 0 0 0 0 0

0 0 0 0 0 0 0 0 0 0 0 0 0 0.459 0.969 0.992 0.776 0.0392 0 0 0 0 0 0 0 0 0 0

0 0 0 0 0 0 0 0 0 0 0 0 0.298 0.969 0.992 0.906 0.247 0 0 0 0 0 0 0 0 0 0 0

0 0 0 0 0 0 0 0 0 0 0 0 0.502 0.992 0.992 0.565 0 0 0 0 0 0 0 0 0 0 0 0

0 0 0 0 0 0 0 0 0 0 0 0.69 0.965 0.992 0.624 0.0471 0 0 0 0 0 0 0 0 0 0 0 0

0 0 0 0 0 0 0 0 0 0 0.098 0.918 0.992 0.914 0.137 0 0 0 0 0 0 0 0 0 0 0 0 0

0 0 0 0 0 0 0 0 0 0 0.776 0.992 0.992 0.553 0 0 0 0 0 0 0 0 0 0 0 0 0 0

0 0 0 0 0 0 0 0 0 0.306 0.973 0.992 0.741 0.0471 0 0 0 0 0 0 0 0 0 0 0 0 0 0

0 0 0 0 0 0 0 0 0.0745 0.784 0.992 0.992 0.553 0 0 0 0 0 0 0 0 0 0 0 0 0 0 0

0 0 0 0 0 0 0 0 0.525 0.992 0.992 0.678 0.0471 0 0 0 0 0 0 0 0 0 0 0 0 0 0 0

0 0 0 0 0 0 0 0 0.973 0.992 0.992 0.098 0 0 0 0 0 0 0 0 0 0 0 0 0 0 0 0

0 0 0 0 0 0 0 0 0.973 0.992 0.992 0.169 0.0784 0.0784 0.0784 0.0784 0.0196 0 0.0196 0.0784 0.0784 0.145 0.588 0.588 0.588 0.576 0.0392 0

0 0 0 0 0 0 0 0 0.973 0.992 0.992 0.992 0.992 0.992 0.992 0.992 0.659 0.561 0.651 0.992 0.992 0.992 0.992 0.992 0.992 0.992 0.482 0

0 0 0 0 0 0 0 0 0.682 0.992 0.992 0.992 0.992 0.992 0.992 0.992 0.992 0.992 0.992 0.992 0.976 0.969 0.969 0.663 0.459 0.459 0.224 0

0 0 0 0 0 0 0 0 0 0.463 0.482 0.482 0.482 0.651 0.992 0.992 0.992 0.608 0.482 0.482 0.161 0 0 0 0 0 0 0

0 0 0 0 0 0 0 0 0 0 0 0 0 0 0 0 0 0 0 0 0 0 0 0 0 0 0 0

0 0 0 0 0 0 0 0 0 0 0 0 0 0 0 0 0 0 0 0 0 0 0 0 0 0 0 0

0 0 0 0 0 0 0 0 0 0 0 0 0 0 0 0 0 0 0 0 0 0 0 0 0 0 0 0

0 0 0 0 0 0 0 0 0 0 0 0 0 0 0 0 0 0 0 0 0 0 0 0 0 0 0 0

0 0 0 0 0 0 0 0 0 0 0 0 0 0 0 0 0 0 0 0 0 0 0 0 0 0 0 0

1

0 0 0 0 0 0 0 0 0 0 0 0 0 0 0 0 0 0 0 0 0 0 0 0 0 0 0 0

0 0 0 0 0 0 0 0 0 0 0 0 0 0 0 0 0 0 0 0 0 0 0 0 0 0 0 0

0 0 0 0 0 0 0 0 0 0 0 0 0 0 0 0 0 0 0 0 0 0 0 0 0 0 0 0

0 0 0 0 0 0 0 0 0 0 0 0 0 0 0 0 0 0 0 0 0 0 0 0 0 0 0 0

0 0 0 0 0 0 0 0 0 0 0 0 0 0 0 0 0.149 0.996 0.427 0 0 0 0 0 0 0 0 0

0 0 0 0 0 0 0 0 0 0 0 0 0 0 0 0 0.341 0.988 0.322 0 0 0 0 0 0 0 0 0

0 0 0 0 0 0 0 0 0 0 0 0 0 0 0 0 0.529 0.945 0 0 0 0 0 0 0 0 0 0

0 0 0 0 0 0 0 0 0 0 0 0 0 0 0 0.176 0.957 0.588 0 0 0 0 0 0 0 0 0 0

1